24944978
24944979
24944980
24944981
24944982
24944983
24944984
24944985
24944986
24944987
24944988
24944989
24944990
24944991
24944992
24944993
24944994
24944995
24944996
24944997
24944998
24944999
24945000
24945001
24945002
24945003
24945004
24945005
24945006
24945007
24945008
24945009
24945010
24945011
24945012
24945013
24945014
24945015
24945016
24945017
24945018
24945019
24954978
24954979
24954980
24954981
24954982
24954983
24954984
24954985
24954986
24954987
24954988
24954989
24954990
24954991
24954992
24954993
24954994
24954995
24954996
24954997
24954998
24954999
24955000
24955001
24955002
24955003
24955004
24955005
24955006
24955007
24955008
24955009
24955010
24955011
24955012
24955013
24955014
24955015
24955016
24955017
24955018
24955019
24964978
24964979
24964980
24964981
24964982
24964983
24964984
24964985
24964986
24964987
24964988
24964989
24964990
24964991
24964992
24964993
24964994
24964995
24964996
24964997
24964998
24964999
24965000
24965001
24965002
24965003
24965004
24965005
24965006
24965007
24965008
24965009
24965010
24965011
24965012
24965013
24965014
24965015
24965016
24965017
24965018
24965019
24974978
24974979
24974980
24974981
24974982
24974983
24974984
24974985
24974986
24974987
24974988
24974989
24974990
24974991
24974992
24974993
24974994
24974995
24974996
24974997
24974998
24974999
24975000
24975001
24975002
24975003
24975004
24975005
24975006
24975007
24975008
24975009
24975010
24975011
24975012
24975013
24975014
24975015
24975016
24975017
24975018
24975019
24984978
24984979
24984980
24984981
24984982
24984983
24984984
24984985
24984986
24984987
24984988
24984989
24984990
24984991
24984992
24984993
24984994
24984995
24984996
24984997
24984998
24984999
24985000
24985001
24985002
24985003
24985004
24985005
24985006
24985007
24985008
24985009
24985010
24985011
24985012
24985013
24985014
24985015
24985016
24985017
24985018
24985019
24994993
25004993
25014993
25024993
25034993
25044993
25044994
25054994
25044995
25044996
25044997
25044998
25044999
25054999
25054998
25045000
25055000
25045001
25045002
25045003
25045004
25045005
25045006
25045007
25045008
25055008
25055007
