24964999
24965000
24965001
24965002
24965003
24965004
24965005
24965006
24965007
24965008
24965009
24965010
24965011
24965012
24965013
24965014
24965015
24965016
24965017
24965018
24965019
24965020
24965021
24965036
24965037
24965038
24974999
24975000
24975001
24975002
24975003
24975004
24975005
24975006
24975007
24975008
24975009
24975010
24975011
24975012
24975013
24975014
24975015
24975016
24975017
24975018
24975019
24975020
24975021
24975024
24975029
24975036
24984999
24985011
24985012
24985013
24985014
24985015
24985016
24985017
24985018
24985019
24985020
24985021
24985022
24985023
24985024
24985025
24985026
24985027
24985028
24985029
24985030
24985031
24985032
24985033
24985034
24985038
24954998
24954999
24955000
24955001
24955002
24955003
24955004
24955005
24955006
24955007
24955008
24955009
24955010
24955011
24955012
24955013
24955014
24955015
24955016
24955017
24955018
24955019
24955020
24955021
24955035
24955036
24955037
24955038
24955039
24965039
24985039
24964998
24974998
24984998
24944997
24944998
24944999
24945000
24945001
24945002
24945003
24945004
24945005
24945006
24945007
24945008
24945009
24945010
24945011
24945012
24945013
24945014
24945015
24945016
24945017
24945018
24945019
24945020
24945021
24945022
24945023
24945024
24945025
24945026
24945027
24945028
24945029
24945030
24945031
24945032
24945033
24945034
24945035
24945036
24945037
24945038
24945039
24934997
24934998
24934999
24935000
24935001
24935002
24935003
24935004
24935005
24935006
24935007
24935008
24935009
24935010
24935011
24935012
24935013
24935014
24935015
24935016
24935017
24935018
24935019
24935020
24935021
24935022
24935023
24935024
24935025
24935026
24935027
24935028
24935029
24935030
24935031
24935032
24935033
24935034
24935035
24935036
24935037
24935038
24935039
25015018
25025018
25035018
25075018
25015018
25025018
25025019
25025020
25035018
25045020
25055022
25065022
25035019
25035020
25045020
25045021
25045022
25055022
25065022
25065023
25065024
25065025
25065026
25065027
25065028
25065029
25065030
25025022
25025019
25025020
25025021
25025022
25025023
25025024
25025027
25025028
25025029
25015022
25015027
24995025
24995024
25025032
25015032
24945040
24955040
24965040
24985040
24945041
24955041
24965041
24945042
24955042
24965042
25025033
25025034
25025035
25025036
25015036
24945043
24955043
24965043
24975043
24985043
24945044
24955044
24965044
24975044
24985044
24945045
24955045
24965045
24975045
24985045
25025037
25025038
25025039
25015039
24945046
24955046
24965046
24975046
24985046
25005039
24995039
24935040
24935041
24935042
24935043
24935044
24935045
24935046
24925004
24925005
24925006
24925007
24925008
24925009
24925010
24925011
24925012
24925013
24925014
24925015
24925016
24925017
24925018
24925019
24925020
24925021
24925022
24925023
24925024
24925025
24925026
24925027
24925028
24925029
24925030
24925031
24925032
24925033
24925034
24925035
24925036
24925037
24925038
24925039
24925040
24925041
24925042
24925043
24925044
24925045
24925046
24915004
24915005
24915006
24915007
24915008
24915009
24915010
24915011
24915012
24915013
24915014
24915015
24915016
24915017
24915018
24915019
24915020
24915021
24915022
24915023
24915024
24915025
24915026
24915027
24915028
24915029
24915030
24915031
24915032
24915033
24915034
24915035
24915036
24915037
24915038
24915039
24915040
24915041
24915042
24915043
24915044
24915045
24915046
24925047
24935047
24945047
24955047
24965047
24975047
24985047
24985040
25035038
25035037
25045036
25035036
25045036
25045035
25055035
25065035
25065034
25065033
25065031
25065032
24915047
24905005
24905006
24905007
24905008
24905009
24905010
24905011
24905012
24905013
24905014
24905015
24905016
24905017
24905018
24905019
24905020
24905021
24905022
24905023
24905024
24905025
24905026
24905027
24905028
24905029
24905030
24905031
24905032
24905033
24905034
24905035
24905036
24905037
24905038
24905039
24905040
24905041
24905042
24905043
24905044
24905045
24905046
24905047
24895005
24895006
24895007
24895008
24895009
24895010
24895011
24895012
24895013
24895014
24895015
24895016
24895017
24895018
24895019
24895020
24895021
24895022
24895023
24895024
24895025
24895026
24895027
24895028
24895029
24895030
24895031
24895032
24895033
24895034
24895035
24895036
24895037
24895038
24895039
24895040
24895041
24895042
24895043
24895044
24895045
24895046
24895047
24975029
24975024
24985030
25025029
25005031
24905004
24905003
24915003
24925003
24905002
24915002
24925002
24905001
24915001
24925001
25005013
25015013
25025013
25035013
25045013
25055013
25045014
25045015
25055015
25065015
25065016
25065017
25075017
25075018
25035012
25045012
25045011
25055011
25065010
25055010
25055011
25075010
25065013
25065012
25075015
25075014
25075012
25085013
25085015
25085016
25095016
25095017
25095013
25105014
25115014
25115014
25115015
25105012
25115011
25115011
25085011
25085011
25065009
25075008
25085008
25095011
25095010
25095009
25095009
25105009
25025012
25015012
25005012
25035014
24924999
24925000
24954997
24964997
24974997
24984997
24934996
24944996
24954996
24964996
24974996
24984996
24934995
24944995
24954995
24964995
24974995
24984995
24984999
24934994
24944994
24954994
24964994
24974994
24984994
24934993
24944993
24954993
24964993
24974993
24984993
24934992
24944992
24954992
24964992
24974992
24984992
24954991
24964991
24954990
25004998
25014998
25024998
25024999
25034999
25035000
25045000
25054999
25055001
25065001
25054999
25064999
25064998
25074997
25064999
25074999
25075000
25085000
25075002
25075002
25075002
25065001
25084998
25094997
24954989
24984989
25034998
25044998
25044997
25034997
25024997
25014997
25004997
25054997
25054996
25044996
25054995
25054995
25064995
25064994
25074994
25074996
25084996
25084995
25064999
25074999
25075000
24954988
24984988
24954987
24984987
24984986
25014992
25024992
25034992
25044992
25054992
25064992
25074992
25084992
25094992
25104992
25114992
25124992
25134992
25144992
25154992
25154991
24984985
25154990
24984984
25154989
24984983
25154988
24984982
25154987
24984981
25154986
24984980
25154985
24984979
25154984
24984978
24984977
24974977
24974978
24974979
24974980
24974981
24974982
24974983
24974984
24964977
24964978
24964979
24964980
24964981
24964982
24964983
24964984
24954977
24954978
24954979
24954980
24954981
24954982
24954983
24954984
24944977
24944978
24944979
24944980
24944981
24944982
24944983
24944984
24934977
24934978
24934979
24934980
24934981
24934982
24934983
24934984
24934985
25014984
25024984
25034984
25044984
25054984
25064984
25074984
25084984
25094984
25104984
25114984
25124984
25134984
25144984
25084992
25094992
25104992
25094991
25104991
25124993
25134994
25124992
25134992
25144992
25124986
25124987
25124988
25124989
25124985
25104992
25114992
25094990
25094989
25094988
25094987
25104991
25094991
25094993
25104994
25104992
25094991
25064993
25074992
25064985
25064986
25064987
25064988
25064989
25034991
25034993
25044994
25064992
25034987
25034988
25034989
25034990
25044992
25054992
25004986
25014985
25034991
25014991
25014990
25024990
25024991
25014991
25014990
25024989
25014993
24924977
24924978
24924979
24924980
24924981
24924982
24924983
24924984
24924985
24924986
24924987
24924988
24924989
24924992
24924993
24924994
24924995
24924996
24924997
24924998
24914977
24914978
24914979
24914980
24914981
24914982
24914983
24914984
24914992
24914993
24914994
24914995
24914996
24914997
24914998
24914999
24915000
24904977
24904978
24904979
24904980
24904981
24904982
24904983
24904984
24904991
24904992
24904993
24904994
24904995
24904996
24904997
24904998
24904999
24905000
24964991
24894977
24894978
24894979
24894980
24894981
24894982
24894983
24894984
24894985
24894986
24894987
24894988
24894989
24894990
24894991
24894992
24894993
24894994
24894995
24894996
24894997
24894998
24894999
24895000
24895001
24895002
24895003
24895004
24954990
24954988
24954987
24954989
24884977
24884978
24884979
24884980
24884981
24884982
24884983
24884984
24884985
24884986
24884987
24884988
24884989
24884990
24884991
24884992
24884993
24884994
24884995
24884996
24884997
24884998
24884999
24885000
24885001
24885002
24885003
24885004
24885005
24885006
24885007
24885008
24885009
24885010
24885011
24885012
24885013
24885014
24885015
24885016
24885017
24885018
24885019
24874977
24874978
24874979
24874980
24874981
24874982
24874983
24874984
24874985
24874986
24874987
24874988
24874989
24874990
24874991
24874992
24874993
24874994
24874995
24874996
24874997
24874998
24874999
24875000
24875001
24875002
24875003
24875004
24875005
24875006
24875007
24875008
24875009
24875010
24875011
24875012
24875013
24875014
24875015
24875016
24875017
24875018
24875019
24934985
24864977
24864978
24864979
24864980
24864981
24864982
24864983
24864984
24864985
24864986
24864987
24864988
24864989
24864990
24864991
24864992
24864993
24864994
24864995
24864996
24864997
24864998
24864999
24865000
24865001
24865002
24865003
24865004
24865005
24865006
24865007
24865008
24865009
24865010
24865011
24865012
24865013
24865014
24865015
24865016
24865017
24865018
24865019
24854977
24854978
24854979
24854980
24854981
24854982
24854983
24854984
24854985
24854986
24854987
24854988
24854989
24854990
24854991
24854992
24854993
24854994
24854995
24854996
24854997
24854998
24854999
24855000
24855001
24855002
24855003
24855004
24855005
24855006
24855007
24855008
24855009
24855010
24855011
24855012
24855013
24855014
24855015
24855016
24855017
24855018
24855019
24844977
24844978
24844979
24844980
24844981
24844982
24844983
24844984
24844985
24844986
24844987
24844988
24844989
24844990
24844991
24844992
24844993
24844994
24844995
24844996
24844997
24844998
24844999
24845000
24845001
24845002
24845003
24845004
24845005
24845006
24845007
24845008
24845009
24845010
24845011
24845012
24845013
24845014
24845015
24845016
24845017
24845018
24845019
25044991
25074985
25104991
25014984
25024984
25154984
25154985
24984976
24974976
24964976
24954976
24944976
24934976
24924976
24914976
