-128 10 3
-127 10 3
-126 10 3
-125 10 3
-124 10 3
-123 10 3
-122 10 3
-121 10 3
-117 2 3
-117 3 3
-117 4 3
-117 5 3
-117 6 3
-117 7 3
-117 8 3
-117 9 3
-117 10 3
-117 11 3
-117 12 3
-117 13 3
-117 14 3
-117 15 3
-15 3 3
-15 4 3
-15 5 3
-15 6 3
-15 7 3
-15 8 3
-15 9 3
-15 10 3
-15 11 3
-15 12 3
-14 13 3
-14 14 3
141 13 3
141 14 3
142 2 3
142 3 3
142 15 3
143 1 3
143 3 3
143 4 3
143 15 3
144 2 3
144 4 3
144 15 3
145 2 3
145 3 3
145 4 3
145 15 3
146 3 3
146 15 3
147 2 3
147 4 3
147 15 3
148 2 3
148 5 3
148 6 3
148 14 3
148 15 3
149 1 3
149 6 3
149 7 3
149 8 3
149 9 3
149 10 3
149 11 3
149 12 3
149 13 3
149 14 3
150 1 3
