-15 2 3 0
-15 3 3 0
-15 4 3 0
-15 5 3 0
-15 6 3 0
-15 7 3 0
-15 8 3 0
-15 9 3 0
-15 10 3 0
-15 11 3 0
-15 12 3 0
-15 13 3 0
-15 14 3 0
-15 15 3 0
-15 16 3 0
-14 -9 2 0
-14 -8 2 0
-14 -5 2 0
-14 -4 2 0
-14 -3 2 0
-14 -2 2 0
-14 2 3 0
-14 7 3 0
-14 8 3 0
-14 13 3 0
-14 16 3 0
-13 -9 2 0
-13 -8 2 0
-13 -6 2 0
-13 -5 2 0
-13 -4 2 0
-13 -3 2 0
-13 -2 2 0
-13 1 3 0
-13 7 3 0
-13 13 3 0
-13 16 3 0
-12 -9 2 0
-12 -8 2 0
-12 -6 2 0
-12 -5 2 0
-12 -3 2 0
-12 -2 2 0
-12 4 3 0
-12 7 3 0
-12 10 3 0
-12 13 3 0
-12 16 3 0
-11 -9 2 0
-11 -8 2 0
-11 -6 2 0
-11 -5 2 0
-11 -3 2 0
-11 -2 2 0
-11 4 3 0
-11 7 3 0
-11 10 3 0
-11 13 3 0
-11 16 3 0
-10 -9 2 0
-10 -8 2 0
-10 -6 2 0
-10 -5 2 0
-10 -3 2 0
-10 -2 2 0
-10 3 3 0
-10 4 3 0
-10 7 3 0
-10 10 3 0
-10 13 3 0
-10 16 3 0
-9 -9 2 0
-9 -8 2 0
-9 -7 2 0
-9 -6 2 0
-9 -5 2 0
-9 -3 2 0
-9 -2 2 0
-9 -1 2 0
-9 2 3 0
-9 3 3 0
-9 4 3 0
-9 10 3 0
-9 16 3 0
-8 -8 2 0
-8 -7 2 0
-8 -6 2 0
-8 -5 2 0
-8 -2 2 0
-8 -1 2 0
-8 2 3 0
-8 3 3 0
-8 4 3 0
-8 5 3 0
-8 10 3 0
-8 11 3 0
-8 16 3 0
-7 2 3 0
-7 3 3 0
-7 4 3 0
-7 5 3 0
-7 6 3 0
-7 7 3 0
-7 8 3 0
-7 9 3 0
-7 10 3 0
-7 11 3 0
-7 12 3 0
-7 13 3 0
-7 14 3 0
-7 15 3 0
-7 16 3 0
-6 2 3 0
-6 4 3 0
-6 7 3 0
-6 10 3 0
-6 13 3 0
-5 5 3 0
-5 7 3 0
-5 8 3 0
-5 11 3 0
-5 14 3 0
-4 6 3 0
-4 7 3 0
-4 9 3 0
-3 5 3 0
-3 6 3 0
-3 8 3 0
-3 9 3 0
-2 1 3 0
-2 2 3 0
-2 3 3 0
-2 4 3 0
-2 5 3 0
-2 6 3 0
-2 8 3 0
-2 10 3 0
-1 1 3 0
-1 2 3 0
-1 3 3 0
-1 4 3 0
-1 5 3 0
-1 7 3 0
-1 9 3 0
0 3 3 0
0 4 3 0
0 6 3 0
0 7 3 0
0 8 3 0
1 -1 2 0
1 4 3 0
1 5 3 0
1 8 3 0
1 9 3 0
2 -1 2 0
2 6 3 0
2 7 3 0
3 -1 2 0
3 8 3 0
4 -1 2 0
5 -1 2 0
6 -1 2 0
7 -1 2 0
8 -1 2 0
9 -1 2 0
9 8 3 0
9 9 3 0
10 -1 2 0
10 7 3 0
10 10 3 0
10 11 3 0
11 -1 2 0
11 6 3 0
11 7 3 0
11 8 3 0
11 10 3 0
12 5 3 0
12 6 3 0
12 9 3 0
12 10 3 0
12 12 3 0
13 1 3 0
13 2 3 0
13 3 3 0
13 4 3 0
13 5 3 0
13 7 3 0
13 8 3 0
13 11 3 0
14 1 3 0
14 2 3 0
14 3 3 0
14 4 3 0
14 5 3 0
14 6 3 0
14 7 3 0
14 9 3 0
14 10 3 0
15 4 3 0
15 5 3 0
15 8 3 0
15 11 3 0
15 12 3 0
16 5 3 0
16 6 3 0
16 7 3 0
16 8 3 0
16 9 3 0
16 12 3 0
17 7 3 0
17 9 3 0
17 10 3 0
18 7 3 0
18 8 3 0
18 10 3 0
19 2 3 0
19 3 3 0
19 4 3 0
19 8 3 0
20 3 3 0
20 4 3 0
21 3 3 0
21 4 3 0
21 5 3 0
22 3 3 0
22 5 3 0
23 -4 2 0
23 -3 2 0
23 -2 2 0
23 2 3 0
23 3 3 0
23 5 3 0
23 6 3 0
23 7 3 0
24 -4 2 0
24 -3 2 0
24 -2 2 0
24 3 3 0
24 7 3 0
25 -4 2 0
25 -3 2 0
25 0 3 0
25 3 3 0
25 7 3 0
26 -4 2 0
26 -3 2 0
26 -2 2 0
26 0 3 0
26 3 3 0
26 7 3 0
27 -4 2 0
27 -3 2 0
27 -2 2 0
27 3 3 0
27 7 3 0
28 -4 2 0
28 -3 2 0
28 -2 2 0
28 2 3 0
28 3 3 0
28 7 3 0
29 -4 2 0
29 -3 2 0
29 -2 2 0
29 3 3 0
29 7 3 0
30 -4 2 0
30 -3 2 0
30 3 3 0
30 7 3 0
31 -4 2 0
31 -3 2 0
31 -2 2 0
31 7 3 0
32 -4 2 0
32 -3 2 0
32 -2 2 0
32 1 3 0
32 7 3 0
33 -4 2 0
33 -3 2 0
33 -2 2 0
33 2 3 0
33 3 3 0
33 7 3 0
34 -4 2 0
34 -3 2 0
34 -2 2 0
34 3 3 0
34 7 3 0
35 -4 2 0
35 -3 2 0
35 -2 2 0
35 3 3 0
35 7 3 0
36 -3 2 0
36 -2 2 0
36 -1 2 0
36 3 3 0
36 5 3 0
36 6 3 0
36 7 3 0
37 -1 2 0
37 2 3 0
37 3 3 0
37 4 3 0
37 5 3 0
38 -2 2 0
38 -1 2 0
38 3 3 0
38 4 3 0
39 -2 2 0
39 3 3 0
39 4 3 0
40 -2 2 0
40 0 3 0
40 1 3 0
40 2 3 0
40 3 3 0
41 -2 2 0
42 -2 2 0
42 -1 2 0
43 -2 2 0
43 -1 2 0
