-15 2 4 0
-15 3 4 0
-15 4 4 0
-15 5 4 0
-15 6 4 0
-15 7 4 0
-15 8 4 0
-15 9 4 0
-15 10 4 0
-15 11 4 0
-15 12 4 0
-15 13 4 0
-15 14 4 0
-15 15 4 0
-15 16 4 0
-14 -9 2 0
-14 -8 2 0
-14 -5 2 0
-14 -4 2 0
-14 -3 2 0
-14 -2 2 0
-14 2 4 0
-14 7 4 0
-14 8 4 0
-14 13 4 0
-14 16 4 0
-13 -9 2 0
-13 -8 2 0
-13 -6 2 0
-13 -5 2 0
-13 -4 2 0
-13 -3 2 0
-13 -2 2 0
-13 1 4 0
-13 7 4 0
-13 13 4 0
-13 16 4 0
-12 -9 2 0
-12 -8 2 0
-12 -6 2 0
-12 -5 2 0
-12 -3 2 0
-12 -2 2 0
-12 4 4 0
-12 7 4 0
-12 10 4 0
-12 13 4 0
-12 16 4 0
-11 -9 2 0
-11 -8 2 0
-11 -6 2 0
-11 -5 2 0
-11 -3 2 0
-11 -2 2 0
-11 4 4 0
-11 7 4 0
-11 10 4 0
-11 13 4 0
-11 16 4 0
-10 -9 2 0
-10 -8 2 0
-10 -6 2 0
-10 -5 2 0
-10 -3 2 0
-10 -2 2 0
-10 3 4 0
-10 4 4 0
-10 7 4 0
-10 10 4 0
-10 13 4 0
-10 16 4 0
-9 -9 2 0
-9 -8 2 0
-9 -7 2 0
-9 -6 2 0
-9 -5 2 0
-9 -3 2 0
-9 -2 2 0
-9 -1 2 0
-9 2 4 0
-9 3 4 0
-9 4 4 0
-9 10 4 0
-9 16 4 0
-8 -8 2 0
-8 -7 2 0
-8 -6 2 0
-8 -5 2 0
-8 -2 2 0
-8 -1 2 0
-8 2 4 0
-8 3 4 0
-8 4 4 0
-8 5 4 0
-8 10 4 0
-8 11 4 0
-8 16 4 0
-7 2 4 0
-7 3 4 0
-7 4 4 0
-7 5 4 0
-7 6 4 0
-7 7 4 0
-7 8 4 0
-7 9 4 0
-7 10 4 0
-7 11 4 0
-7 12 4 0
-7 13 4 0
-7 14 4 0
-7 15 4 0
-7 16 4 0
-6 2 4 0
-6 4 4 0
-6 7 4 0
-6 10 4 0
-6 13 4 0
-5 5 4 0
-5 7 4 0
-5 8 4 0
-5 11 4 0
-5 14 4 0
-4 6 4 0
-4 7 4 0
-4 9 4 0
-3 5 4 0
-3 6 4 0
-3 8 4 0
-3 9 4 0
-2 1 4 0
-2 2 4 0
-2 3 4 0
-2 4 4 0
-2 5 4 0
-2 6 4 0
-2 8 4 0
-2 10 4 0
-1 1 4 0
-1 2 4 0
-1 3 4 0
-1 4 4 0
-1 5 4 0
-1 7 4 0
-1 9 4 0
0 3 4 0
0 4 4 0
0 6 4 0
0 7 4 0
0 8 4 0
1 -1 2 0
1 4 4 0
1 5 4 0
1 8 4 0
1 9 4 0
2 -1 2 0
2 6 4 0
2 7 4 0
3 -1 2 0
3 8 4 0
4 -1 2 0
5 -1 2 0
6 -1 2 0
7 -1 2 0
8 -1 2 0
9 -1 2 0
9 8 4 0
9 9 4 0
10 -1 2 0
10 7 4 0
10 10 4 0
10 11 4 0
11 -1 2 0
11 6 4 0
11 7 4 0
11 8 4 0
11 10 4 0
12 5 4 0
12 6 4 0
12 9 4 0
12 10 4 0
12 12 4 0
13 1 4 0
13 2 4 0
13 3 4 0
13 4 4 0
13 5 4 0
13 7 4 0
13 8 4 0
13 11 4 0
14 1 4 0
14 2 4 0
14 3 4 0
14 4 4 0
14 5 4 0
14 6 4 0
14 7 4 0
14 9 4 0
14 10 4 0
15 4 4 0
15 5 4 0
15 8 4 0
15 11 4 0
15 12 4 0
16 5 4 0
16 6 4 0
16 7 4 0
16 8 4 0
16 9 4 0
16 12 4 0
17 7 4 0
17 9 4 0
17 10 4 0
18 7 4 0
18 8 4 0
18 10 4 0
19 2 4 0
19 3 4 0
19 4 4 0
19 8 4 0
20 3 4 0
20 4 4 0
21 3 4 0
21 4 4 0
21 5 4 0
22 3 4 0
22 5 4 0
23 -4 2 0
23 -3 2 0
23 -2 2 0
23 2 4 0
23 3 4 0
23 5 4 0
23 6 4 0
23 7 4 0
24 -4 2 0
24 -3 2 0
24 -2 2 0
24 3 4 0
24 7 4 0
25 -4 2 0
25 -3 2 0
25 0 4 0
25 3 4 0
25 7 4 0
26 -4 2 0
26 -3 2 0
26 -2 2 0
26 0 4 0
26 3 4 0
26 7 4 0
27 -4 2 0
27 -3 2 0
27 -2 2 0
27 3 4 0
27 7 4 0
28 -4 2 0
28 -3 2 0
28 -2 2 0
28 2 4 0
28 3 4 0
28 7 4 0
29 -4 2 0
29 -3 2 0
29 -2 2 0
29 3 4 0
29 7 4 0
30 -4 2 0
30 -3 2 0
30 3 4 0
30 7 4 0
31 -4 2 0
31 -3 2 0
31 -2 2 0
31 7 4 0
32 -4 2 0
32 -3 2 0
32 -2 2 0
32 1 4 0
32 7 4 0
33 -4 2 0
33 -3 2 0
33 -2 2 0
33 2 4 0
33 3 4 0
33 7 4 0
34 -4 2 0
34 -3 2 0
34 -2 2 0
34 3 4 0
34 7 4 0
35 -4 2 0
35 -3 2 0
35 -2 2 0
35 3 4 0
35 7 4 0
36 -3 2 0
36 -2 2 0
36 -1 2 0
36 3 4 0
36 5 4 0
36 6 4 0
36 7 4 0
37 -1 2 0
37 2 4 0
37 3 4 0
37 4 4 0
37 5 4 0
38 -2 2 0
38 -1 2 0
38 3 4 0
38 4 4 0
39 -2 2 0
39 3 4 0
39 4 4 0
40 -2 2 0
40 0 4 0
40 1 4 0
40 2 4 0
40 3 4 0
41 -2 2 0
42 -2 2 0
42 -1 2 0
43 -2 2 0
43 -1 2 0
