25054964
25054964
24965001
24965001
24965003
24965003
24965005
24965005
24965007
24965007
24965009
24965009
24965011
24965011
24965013
24965013
24965015
24965015
24965017
24965017
24965019
24965019
24965021
24965021
24965023
24965023
24965025
24965025
24965027
24965027
24965029
24965029
24965031
24965031
24965033
24965033
24965035
24965035
24965037
24965037
24974999
24974999
24975001
24975001
24975003
24975003
24975005
24975005
24975007
24975007
24975009
24975009
24975011
24975011
24975013
24975013
24975015
24975015
24975017
24975017
24975019
24975019
24975021
24975021
24975023
24975023
24975025
24975025
24975027
24975027
24975029
24975029
24975031
24975031
24975033
24975033
24975035
24975035
24975037
24975037
24984999
24984999
24985001
24985001
24985003
24985003
24985005
24985005
24985007
24985007
24985009
24985009
24985011
24985011
24985013
24985013
24985015
24985015
24985017
24985017
24985019
24985019
24985021
24985021
24985023
24985023
24985025
24985025
24985027
24985027
24985029
24985029
24985031
24985031
24985033
24985033
24985035
24985035
24985037
24985037
24954998
24954998
24955000
24955000
24955002
24955002
24955004
24955004
24955006
24955006
24955008
24955008
24955010
24955010
24955012
24955012
24955014
24955014
24955016
24955016
24955018
24955018
24955020
24955020
24955022
24955022
24955024
24955024
24955026
24955026
24955028
24955028
24955030
24955030
24955032
24955032
24955034
24955034
24955036
24955036
24955038
24955038
24965039
24965039
24985039
24985039
24974998
24974998
24944997
24944997
24944999
24944999
24945001
24945001
24945003
24945003
24945005
24945005
24945007
24945007
24945009
24945009
24945011
24945011
24945013
24945013
24945015
24945015
24945017
24945017
24945019
24945019
24945021
24945021
24945023
24945023
24945025
24945025
24945027
24945027
24945029
24945029
24945031
24945031
24945033
24945033
24945035
24945035
24945037
24945037
24945039
24945039
24934998
24934998
24935000
24935000
24935002
24935002
24935004
24935004
24935006
24935006
24935008
24935008
24935010
24935010
24935012
24935012
24935014
24935014
24935016
24935016
24935018
24935018
24935020
24935020
24935022
24935022
24935024
24935024
24935026
24935026
24935028
24935028
24935030
24935030
24935032
24935032
24935034
24935034
24935036
24935036
24935038
24935038
24954997
24954997
24974997
24974997
24944996
24944996
24964996
24964996
24984996
24984996
24954995
24954995
24974995
24974995
24964994
24964994
24984994
24984994
24984993
24984993
24984992
24984992
24984991
24984991
24984990
24984990
24984989
24984989
24964990
24964990
24964992
24964992
24954989
24954989
24954991
24954991
24954993
24954993
24944989
24944989
24944991
24944991
24944993
24944993
24934989
24934989
24934991
24934991
24934993
24934993
24934995
24934995
24924989
24924989
24924991
24924991
24924993
24924993
24924995
24924995
24924997
24924997
24924999
24924999
24925001
24925001
24925003
24925003
24925005
24925005
24925007
24925007
24925009
24925009
24925011
24925011
24925013
24925013
24925015
24925015
24925017
24925017
24925019
24925019
24925021
24925021
24925023
24925023
24925025
24925025
24925027
24925027
24925029
24925029
24925031
24925031
24914990
24914990
24914992
24914992
24914994
24914994
24914996
24914996
24914998
24914998
24915000
24915000
24915002
24915002
24915004
24915004
24915006
24915006
24915008
24915008
24915010
24915010
24915012
24915012
24915014
24915014
24915016
24915016
24915018
24915018
24915020
24915020
24915022
24915022
24915024
24915024
24915026
24915026
24915028
24915028
24915030
24915030
24904989
24904989
24904991
24904991
24904993
24904993
24904995
24904995
24904997
24904997
24904999
24904999
24905001
24905001
24905003
24905003
24905005
24905005
24905007
24905007
24905009
24905009
24905011
24905011
24905013
24905013
24905015
24905015
24905017
24905017
24905019
24905019
24905021
24905021
24905023
24905023
24905025
24905025
24905027
24905027
24905029
24905029
24905031
24905031
24894990
24894990
24894992
24894992
24894994
24894994
24894996
24894996
24894998
24894998
24895000
24895000
24895002
24895002
24895004
24895004
24895006
24895006
24895008
24895008
24895010
24895010
24895012
24895012
24895014
24895014
24895016
24895016
24895018
24895018
24895020
24895020
24895022
24895022
24895024
24895024
24895026
24895026
24895028
24895028
24895030
24895030
24884989
24884989
24884991
24884991
24884993
24884993
24884995
24884995
24884997
24884997
24884999
24884999
24885001
24885001
24885003
24885003
24885005
24885005
24885007
24885007
24885009
24885009
24885011
24885011
24885013
24885013
24885015
24885015
24885017
24885017
24885019
24885019
24885021
24885021
24885023
24885023
24885025
24885025
24885027
24885027
24885029
24885029
24885031
24885031
24874990
24874990
24874992
24874992
24874994
24874994
24874996
24874996
24874998
24874998
24875000
24875000
24875002
24875002
24875004
24875004
24875006
24875006
24875008
24875008
24875010
24875010
24875012
24875012
24875014
24875014
24875016
24875016
24875018
24875018
24875020
24875020
24875022
24875022
24875024
24875024
24875026
24875026
24875028
24875028
24875030
24875030
24864989
24864989
24864991
24864991
24864993
24864993
24864995
24864995
24864997
24864997
24864999
24864999
24865001
24865001
24865003
24865003
24865005
24865005
24865007
24865007
24865009
24865009
24865011
24865011
24865013
24865013
24865015
24865015
24865017
24865017
24865019
24865019
24865021
24865021
24865023
24865023
24865025
24865025
24865027
24865027
24865029
24865029
24865031
24865031
24854990
24854990
24854992
24854992
24854994
24854994
24854996
24854996
24854998
24854998
24855000
24855000
24855002
24855002
24855004
24855004
24855006
24855006
24855008
24855008
24855010
24855010
24855012
24855012
24855014
24855014
24855016
24855016
24855018
24855018
24855020
24855020
24855022
24855022
24855024
24855024
24855026
24855026
24855028
24855028
24855030
24855030
24975017
24975017
25055010
25055010
25055008
25055008
25055006
25055006
25055004
25055004
25045003
25045003
25025003
25025003
25005003
25005003
25105010
25105010
25105005
25105005
25105003
25105003
25105001
25105001
25104999
25104999
25104999
25104999
25084999
25084999
25064999
25064999
25044999
25044999
25024999
25024999
25004999
25004999
24934988
24934988
24954988
24954988
24974988
24974988
24924987
24924987
24944987
24944987
24964987
24964987
24984987
24984987
24934986
24934986
24954986
24954986
24974986
24974986
24924985
24924985
24944985
24944985
24964985
24964985
24984985
24984985
24934984
24934984
24954984
24954984
24974984
24974984
25104995
25104995
24934983
24934983
24954983
24954983
24974983
24974983
24924982
24924982
24944982
24944982
24964982
24964982
24984982
24984982
24934981
24934981
24954981
24954981
24974981
24974981
24924980
24924980
24944980
24944980
24964980
24964980
24984980
24984980
24934979
24934979
24954979
24954979
24974979
24974979
24924978
24924978
24944978
24944978
24964978
24964978
24984978
24984978
24934977
24934977
24954977
24954977
24974977
24974977
24924976
24924976
24944976
24944976
24964976
24964976
24984976
24984976
24924975
24924975
24944975
24944975
24964975
24964975
24984975
24984975
24924974
24924974
24944974
24944974
24964974
24964974
24984974
24984974
24934973
24934973
24954973
24954973
24974973
24974973
24924972
24924972
24944972
24944972
24964972
24964972
24984972
24984972
24934971
24934971
24954971
24954971
24974971
24974971
24924970
24924970
24944970
24944970
24964970
24964970
24984970
24984970
24934969
24934969
24954969
24954969
24974969
24974969
24924968
24924968
24944968
24944968
24964968
24964968
24984968
24984968
25004995
25004995
25024995
25024995
25044995
25044995
25064995
25064995
25084995
25084995
25104995
25104995
25124995
25124995
25134994
25134994
25134992
25134992
25134990
25134990
25134988
25134988
25114988
25114988
25094988
25094988
25084988
25084988
25064988
25064988
25044988
25044988
25024988
25024988
24914976
24914976
24914978
24914978
24914980
24914980
24914982
24914982
24914984
24914984
24914986
24914986
24914988
24914988
24994988
24994988
25054993
25054993
25054991
25054991
25054989
25054989
25044988
25044988
25004984
25004984
25024984
25024984
25044984
25044984
25064984
25064984
25084984
25084984
25114984
25114984
25134984
25134984
25134982
25134982
25134980
25134980
25054978
25054978
24914969
24914969
24914971
24914971
24914973
24914973
24914975
24914975
25054982
25054982
25054980
25054980
25134977
25134977
25114977
25114977
25084977
25084977
25064977
25064977
25044977
25044977
25024977
25024977
24924967
24924967
24944967
24944967
24964967
24964967
24984967
24984967
24934966
24934966
24954966
24954966
24974966
24974966
25104974
25104974
24934965
24934965
24954965
24954965
24974965
24974965
24924964
24924964
24944964
24944964
24964964
24964964
24984964
24984964
24934963
24934963
24954963
24954963
24974963
24974963
24924962
24924962
24944962
24944962
24964962
24964962
24984962
24984962
24934961
24934961
24954961
24954961
24974961
24974961
24924960
24924960
24944960
24944960
24964960
24964960
24984960
24984960
25014969
25014969
25034969
25034969
25054969
25054969
24944959
24944959
24964959
24964959
24984959
24984959
24944958
24944958
24964958
24964958
24984958
24984958
24934957
24934957
24954957
24954957
24974957
24974957
25054965
25054965
24944956
24944956
24964956
24964956
24984956
24984956
25075010
25075010
25095010
25095010
25115010
25115010
25135010
25135010
24984955
24984955
24984954
24984954
24984953
24984953
24964954
24964954
24954953
24954953
24954955
24954955
24944954
24944954
24934953
24934953
24934955
24934955
24924954
24924954
24924956
24924956
24924958
24924958
24914953
24914953
24914955
24914955
24914957
24914957
24914959
24914959
24914961
24914961
24914963
24914963
24914965
24914965
24914967
24914967
25034962
25034962
25014962
25014962
24994962
24994962
25084962
25084962
25104962
25104962
25124962
25124962
25104972
25104972
25104970
25104970
25104968
25104968
24964999
24964999
24995010
24995010
25015010
25015010
25025010
25025010
25104997
25104997
25084995
25084995
25104997
25104997
25134992
25134992
25054962
25054962
25054963
25054963
25054968
25054968
24994973
24994973
25014973
25014973
25034973
25034973
25054973
25054973
25074973
25074973
25084973
25084973
25105004
25105004
25104987
25104987
25004977
25004977
25104984
25104984
25134978
25134978
25104975
25104975
25105000
25105002
25125010
25085010
25065010
25055009
25055007
25055005
25055003
24954974
24954975
24954976
24954978
24954980
24954982
24954985
24954987
24954990
24954992
24954994
24954996
24954999
24955001
24955003
24955005
24955007
24955009
24955011
24955013
24955015
24944977
24944979
24944981
24944983
24944984
24944986
24944988
24944990
24944992
24944994
24944995
24944998
24945000
24945002
24945004
24945006
24945008
24945010
24945012
24945014
24945016
25035003
25015003
24934974
24934975
24934976
24934978
24934980
24934982
24934985
24934987
24934990
24934992
24934994
24934996
24934997
24934999
24935001
24935003
24935005
24935007
24935009
24935011
24935013
24935015
24965002
24975002
24985002
24965004
24975004
24985004
24965006
24975006
24985006
24965008
24975008
24985008
25005010
24995003
25045010
25035010
24965010
24975010
24924977
24924979
24924981
24924983
24924984
24924986
24924988
24924990
24924992
24924994
24924996
24924998
24925000
24925002
24925004
24925006
24925008
24925010
24925012
24925014
24925016
24985010
24985009
24965016
24975016
24985016
24935017
24955017
24965012
24975012
24985012
24945018
24965018
24975018
24985018
24935019
24955019
24945020
24965020
24975020
24985020
24985014
24965014
24975014
24985014
24995010
24964979
24964981
24964983
24964984
24964986
24964988
24964989
24964991
24964993
24964995
24964997
24964998
24965000
24985000
24925018
24925020
24975000
24985000
25104996
25104998
25094999
25074999
25054999
25034999
25014999
24994999
24984998
24984997
24974996
24984996
24984995
25014995
25034995
25054995
25074995
25094995
24974994
24974993
24974989
24974990
24974991
24974992
24984994
24984993
24984992
24984991
24984990
24984989
24974978
24964977
24984977
24974976
24974975
24974974
24944973
24964973
24984973
24984979
24974980
24974982
24974985
24974987
24984988
24984987
24984986
24984985
24984984
24984983
24984982
24984981
24984980
25014988
25004988
25034988
25054990
25054994
25054992
24994995
24994988
25054988
25074988
25104985
25104986
25104988
25114988
25124988
25134989
25134991
25134993
25134995
25114995
25124984
25134983
25134981
25134979
24954972
24974972
24964971
24984971
24954970
24974970
24964969
24984969
24944969
24944971
24934970
24934972
25094984
25074984
25054984
25034984
25014984
24994984
25054983
25054981
25054979
24994977
25014977
25034977
25054977
25074977
25094977
25104977
25124977
25104976
24954968
24974968
24954967
24974967
25094973
25104973
24944966
24964966
24984966
24944965
24964965
24984965
25064973
25044973
25024973
25004973
24994969
25004969
25024969
25044969
24954964
24974964
24944963
24964963
24984963
24954962
24974962
25104971
25104969
24944961
24964961
24984961
24954960
24974960
25054967
25054966
24954959
24974959
24954958
24974958
24944957
24964957
24984957
24954956
24974956
24944955
24964955
24974955
24954954
24974954
24934954
24934956
24934958
24934959
24934960
24934962
24934964
24934967
24934968
25004962
25024962
25044962
25064962
25074962
25094962
25114962
25104967
24975022
24985022
24975024
24985024
24975026
24985026
24975028
24985028
24965022
24965024
24965026
24965028
24965030
24975030
24985030
24955021
24955023
24955025
24955027
24955029
24955031
24965032
24975032
24985032
24945022
24945024
24945026
24945028
24945030
24945032
24955033
24965034
24975034
24985034
24955035
24965036
24975036
24985036
24955037
24965038
24975038
24985038
24955039
24975039
24955040
24965040
24975040
24985040
24955041
24965041
24975041
24985041
24955042
24965042
24975042
24985042
24955043
24965043
24975043
24985043
24955044
24965044
24975044
24985044
24955045
24965045
24975045
24985045
24955046
24965046
24975046
24985046
24955047
24965047
24975047
24985047
24955048
24965048
24975048
24985048
24955049
24965049
24975049
24985049
24955050
24965050
24975050
24985050
24955051
24965051
24975051
24985051
24955052
24965052
24975052
24985052
24955053
24965053
24975053
24985053
24955054
24965054
24975054
24985054
24955055
24965055
24975055
24985055
24955056
24965056
24975056
24985056
24955057
24965057
24975057
24985057
24955058
24965058
24975058
24985058
24955059
24965059
24975059
24985059
24955060
24965060
24975060
24985060
24955061
24965061
24975061
24985061
24955062
24965062
24975062
24985062
24955063
24965063
24975063
24985063
24955064
24965064
24975064
24985064
24955065
24965065
24975065
24985065
24945034
24945036
24945038
24945040
24945041
24945042
24945043
24945044
24945045
24945046
24945047
24945048
24945049
24945050
24945051
24945052
24945053
24945054
24945055
24945056
24945057
24945058
24945059
24945060
24945061
24945062
24945063
24945064
24945065
24935023
24935025
24935027
24935029
24935031
24935033
24935035
24935037
24935039
24935040
24935041
24935042
24935043
24935044
24935045
24935046
24935047
24935048
24935049
24935050
24935051
24935052
24935053
24935054
24935055
24935056
24935057
24935058
24935059
24935060
24935061
24935062
24935063
24935064
24935065
24925024
24925026
24925028
24925030
24925032
24925033
24925034
24925035
24925036
24925037
24925038
24925039
24925040
24925041
24925042
24925043
24925044
24925045
24925046
24925047
24925048
24925049
24925050
24925051
24925052
24925053
24925054
24925055
24925056
24925057
24925058
24925059
24925060
24925061
24925062
24925063
24925064
24925065
24915023
24915025
24915027
24915029
24915031
24915032
24915033
24915034
24915035
24915036
24915037
24915038
24915039
24915040
24915041
24915042
24915043
24915044
24915045
24915046
24915047
24915048
24915049
24915050
24915051
24915052
24915053
24915054
24915055
24915056
24915057
24915058
24915059
24915060
24915061
24915062
24915063
24915064
24915065
24905024
24905026
24905028
24905030
24905032
24905033
24905034
24905035
24905036
24905037
24905038
24905039
24905040
24905041
24905042
24905043
24905044
24905045
24905046
24905047
24905048
24905049
24905050
24905051
24905052
24905053
24905054
24905055
24905056
24905057
24905058
24905059
24905060
24905061
24905062
24905063
24905064
24905065
24895023
24895025
24895027
24895029
24895031
24895032
24895033
24895034
24895035
24895036
24895037
24895038
24895039
24895040
24895041
24895042
24895043
24895044
24895045
24895046
24895047
24895048
24895049
24895050
24895051
24895052
24895053
24895054
24895055
24895056
24895057
24895058
24895059
24895060
24895061
24895062
24895063
24895064
24895065
24885024
24885026
24885028
24885030
24885032
24885033
24885034
24885035
24885036
24885037
24885038
24885039
24885040
24885041
24885042
24885043
24885044
24885045
24885046
24885047
24885048
24885049
24885050
24885051
24885052
24885053
24885054
24885055
24885056
24885057
24885058
24885059
24885060
24885061
24885062
24885063
24885064
24885065
24875023
24875025
24875027
24875029
24875031
24875032
24875033
24875034
24875035
24875036
24875037
24875038
24875039
24875040
24875041
24875042
24875043
24875044
24875045
24875046
24875047
24875048
24875049
24875050
24875051
24875052
24875053
24875054
24875055
24875056
24875057
24875058
24875059
24875060
24875061
24875062
24875063
24875064
24875065
24865024
24865026
24865028
24865030
24865032
24865033
24865034
24865035
24865036
24865037
24865038
24865039
24865040
24865041
24865042
24865043
24865044
24865045
24865046
24865047
24865048
24865049
24865050
24865051
24865052
24865053
24865054
24865055
24865056
24865057
24865058
24865059
24865060
24865061
24865062
24865063
24865064
24865065
24855023
24855025
24855027
24855029
24855031
24855032
24855033
24855034
24855035
24855036
24855037
24855038
24855039
24855040
24855041
24855042
24855043
24855044
24855045
24855046
24855047
24855048
24855049
24855050
24855051
24855052
24855053
24855054
24855055
24855056
24855057
24855058
24855059
24855060
24855061
24855062
24855063
24855064
24855065
24845023
24845024
24845025
24845026
24845027
24845028
24845029
24845030
24845031
24845032
24845033
24845034
24845035
24845036
24845037
24845038
24845039
24845040
24845041
24845042
24845043
24845044
24845045
24845046
24845047
24845048
24845049
24845050
24845051
24845052
24845053
24845054
24845055
24845056
24845057
24845058
24845059
24845060
24845061
24845062
24845063
24845064
24845065
24835023
24835024
24835025
24835026
24835027
24835028
24835029
24835030
24835031
24835032
24835033
24835034
24835035
24835036
24835037
24835038
24835039
24835040
24835041
24835042
24835043
24835044
24835045
24835046
24835047
24835048
24835049
24835050
24835051
24835052
24835053
24835054
24835055
24835056
24835057
24835058
24835059
24835060
24835061
24835062
24835063
24835064
24835065
24825023
24825024
24825025
24825026
24825027
24825028
24825029
24825030
24825031
24825032
24825033
24825034
24825035
24825036
24825037
24825038
24825039
24825040
24825041
24825042
24825043
24825044
24825045
24825046
24825047
24825048
24825049
24825050
24825051
24825052
24825053
24825054
24825055
24825056
24825057
24825058
24825059
24825060
24825061
24825062
24825063
24825064
24825065
24815023
24815024
24815025
24815026
24815027
24815028
24815029
24815030
24815031
24815032
24815033
24815034
24815035
24815036
24815037
24815038
24815039
24815040
24815041
24815042
24815043
24815044
24815045
24815046
24815047
24815048
24815049
24815050
24815051
24815052
24815053
24815054
24815055
24815056
24815057
24815058
24815059
24815060
24815061
24815062
24815063
24815064
24815065
24805023
24805024
24805025
24805026
24805027
24805028
24805029
24805030
24805031
24805032
24805033
24805034
24805035
24805036
24805037
24805038
24805039
24805040
24805041
24805042
24805043
24805044
24805045
24805046
24805047
24805048
24805049
24805050
24805051
24805052
24805053
24805054
24805055
24805056
24805057
24805058
24805059
24805060
24805061
24805062
24805063
24805064
24805065
24795023
24795024
24795025
24795026
24795027
24795028
24795029
24795030
24795031
24795032
24795033
24795034
24795035
24795036
24795037
24795038
24795039
24795040
24795041
24795042
24795043
24795044
24795045
24795046
24795047
24795048
24795049
24795050
24795051
24795052
24795053
24795054
24795055
24795056
24795057
24795058
24795059
24795060
24795061
24795062
24795063
24795064
24795065
24785023
24785024
24785025
24785026
24785027
24785028
24785029
24785030
24785031
24785032
24785033
24785034
24785035
24785036
24785037
24785038
24785039
24785040
24785041
24785042
24785043
24785044
24785045
24785046
24785047
24785048
24785049
24785050
24785051
24785052
24785053
24785054
24785055
24785056
24785057
24785058
24785059
24785060
24785061
24785062
24785063
24785064
24785065
24775023
24775024
24775025
24775026
24775027
24775028
24775029
24775030
24775031
24775032
24775033
24775034
24775035
24775036
24775037
24775038
24775039
24775040
24775041
24775042
24775043
24775044
24775045
24775046
24775047
24775048
24775049
24775050
24775051
24775052
24775053
24775054
24775055
24775056
24775057
24775058
24775059
24775060
24775061
24775062
24775063
24775064
24775065
24785022
24795022
24805022
24815022
24825022
24835022
24845022
24865022
24885022
24905022
24925022
24785021
24795021
24805021
24815021
24825021
24835021
24845021
24855021
24875021
24895021
24915021
24935021
24785020
24795020
24805020
24815020
24825020
24835020
24845020
24865020
24885020
24905020
24785019
24795019
24805019
24815019
24825019
24835019
24845019
24855019
24875019
24895019
24915019
24785018
24795018
24805018
24815018
24825018
24835018
24845018
24865018
24885018
24905018
24785017
24795017
24805017
24815017
24825017
24835017
24845017
24855017
24875017
24895017
24915017
24785016
24795016
24805016
24815016
24825016
24835016
24845016
24865016
24885016
24905016
24785015
24795015
24805015
24815015
24825015
24835015
24845015
24855015
24875015
24895015
24915015
24785014
24795014
24805014
24815014
24825014
24835014
24845014
24865014
24885014
24905014
24785013
24795013
24805013
24815013
24825013
24835013
24845013
24855013
24875013
24895013
24915013
24785012
24795012
24805012
24815012
24825012
24835012
24845012
24865012
24885012
24905012
24785011
24795011
24805011
24815011
24825011
24835011
24845011
24855011
24875011
24895011
24915011
24835015
24785010
24795010
24805010
24815010
24825010
24835010
24845010
24865010
24885010
24905010
24835013
24835014
24835015
24835016
24835017
24835018
24835019
24835020
24835021
24835022
24835023
24835027
24835024
24835025
24835026
24835027
24835028
24835029
24835030
24835031
24835034
24835032
24835033
24835034
24835035
24835036
24835037
24835038
24835039
24835040
24835041
24835042
24845042
24855042
24865042
24875042
24885042
24895042
24905042
24915042
24925042
24935042
24945042
24955042
24965042
24975042
24985042
24805009
24815009
24825009
24835009
24845009
24855009
24875009
24895009
24915009
24805008
24815008
24825008
24835008
24845008
24865008
24885008
24905008
24805007
24815007
24825007
24835007
24845007
24855007
24875007
24895007
24915007
24805006
24815006
24825006
24835006
24845006
24865006
24885006
24905006
24805005
24815005
24825005
24835005
24845005
24855005
24875005
24895005
24915005
24805004
24815004
24825004
24835004
24845004
24865004
24885004
24905004
24805003
24815003
24825003
24835003
24845003
24855003
24875003
24895003
24915003
24805002
24815002
24825002
24835002
24845002
24865002
24885002
24905002
24995010
24805001
24815001
24825001
24835001
24845001
24855001
24875001
24895001
24915001
24805000
24815000
24825000
24835000
24845000
24865000
24885000
24905000
24804999
24814999
24824999
24834999
24844999
24854999
24874999
24894999
24914999
24804998
24814998
24824998
24834998
24844998
24864998
24884998
24904998
24804997
24814997
24824997
24834997
24844997
24854997
24874997
24894997
24914997
24804996
24814996
24824996
24834996
24844996
24864996
24884996
24904996
24995003
24804995
24814995
24824995
24834995
24844995
24854995
24874995
24894995
24914995
24804994
24814994
24824994
24834994
24844994
24864994
24884994
24904994
24804993
24814993
24824993
24834993
24844993
24854993
24874993
24894993
24914993
24804992
24814992
24824992
24834992
24844992
24864992
24884992
24904992
24994999
24804991
24814991
24824991
24834991
24844991
24854991
24874991
24894991
24914991
24804990
24814990
24824990
24834990
24844990
24864990
24884990
24904990
24804989
24814989
24824989
24834989
24844989
24854989
24874989
24894989
24914989
24804988
24814988
24824988
24834988
24844988
24854988
24864988
24874988
24884988
24894988
24904988
24994995
24804987
24814987
24824987
24834987
24844987
24854987
24864987
24874987
24884987
24894987
24904987
24914987
24804986
24814986
24824986
24834986
24844986
24854986
24864986
24874986
24884986
24894986
24904986
24804985
24814985
24824985
24834985
24844985
24854985
24864985
24874985
24884985
24894985
24904985
24914985
24804984
24814984
24824984
24834984
24844984
24854984
24864984
24874984
24884984
24894984
24904984
24804983
24814983
24824983
24834983
24844983
24854983
24864983
24874983
24884983
24894983
24904983
24914983
24804982
24814982
24824982
24834982
24844982
24854982
24864982
24874982
24884982
24894982
24904982
24804981
24814981
24824981
24834981
24844981
24854981
24864981
24874981
24884981
24894981
24904981
24914981
24804980
24814980
24824980
24834980
24844980
24854980
24864980
24874980
24884980
24894980
24904980
24994988
24804979
24814979
24824979
24834979
24844979
24854979
24864979
24874979
24884979
24894979
24904979
24914979
24804978
24814978
24824978
24834978
24844978
24854978
24864978
24874978
24884978
24894978
24904978
24804977
24814977
24824977
24834977
24844977
24854977
24864977
24874977
24884977
24894977
24904977
24914977
24994984
24804976
24814976
24824976
24834976
24844976
24854976
24864976
24874976
24884976
24894976
24904976
24804975
24814975
24824975
24834975
24844975
24854975
24864975
24874975
24884975
24894975
24904975
24804974
24814974
24824974
24834974
24844974
24854974
24864974
24874974
24884974
24894974
24904974
24914974
24804973
24814973
24824973
24834973
24844973
24854973
24864973
24874973
24884973
24894973
24904973
24924973
24804972
24814972
24824972
24834972
24844972
24854972
24864972
24874972
24884972
24894972
24904972
24914972
24804971
24814971
24824971
24834971
24844971
24854971
24864971
24874971
24884971
24894971
24904971
24924971
24804970
24814970
24824970
24834970
24844970
24854970
24864970
24874970
24884970
24894970
24904970
24914970
24804969
24814969
24824969
24834969
24844969
24854969
24864969
24874969
24884969
24894969
24904969
24924969
24994977
24804968
24814968
24824968
24834968
24844968
24854968
24864968
24874968
24884968
24894968
24904968
24914968
24804967
24814967
24824967
24834967
24844967
24854967
24864967
24874967
24884967
24894967
24904967
24804966
24814966
24824966
24834966
24844966
24854966
24864966
24874966
24884966
24894966
24904966
24914966
24924966
24804965
24814965
24824965
24834965
24844965
24854965
24864965
24874965
24884965
24894965
24904965
24924965
24804964
24814964
24824964
24834964
24844964
24854964
24864964
24874964
24884964
24894964
24904964
24914964
24994973
24804963
24814963
24824963
24834963
24844963
24854963
24864963
24874963
24884963
24894963
24904963
24924963
24804962
24814962
24824962
24834962
24844962
24854962
24864962
24874962
24884962
24894962
24904962
24914962
24804961
24814961
24824961
24834961
24844961
24854961
24864961
24874961
24884961
24894961
24904961
24924961
24994969
24804960
24814960
24824960
24834960
24844960
24854960
24864960
24874960
24884960
24894960
24904960
24914960
24804959
24814959
24824959
24834959
24844959
24854959
24864959
24874959
24884959
24894959
24904959
24924959
24804958
24814958
24824958
24834958
24844958
24854958
24864958
24874958
24884958
24894958
24904958
24914958
24804957
24814957
24824957
24834957
24844957
24854957
24864957
24874957
24884957
24894957
24904957
24924957
24804956
24814956
24824956
24834956
24844956
24854956
24864956
24874956
24884956
24894956
24904956
24914956
24804955
24814955
24824955
24834955
24844955
24854955
24864955
24874955
24884955
24894955
24904955
24924955
24804954
24814954
24824954
24834954
24844954
24854954
24864954
24874954
24884954
24894954
24904954
24914954
24994962
24804953
24814953
24824953
24834953
24844953
24854953
24864953
24874953
24884953
24894953
24904953
24924953
24944953
24964953
24974953
24804952
24814952
24824952
24834952
24844952
24854952
24864952
24874952
24884952
24894952
24904952
24914952
24924952
24934952
24944952
24954952
24964952
24974952
24984952
24804951
24814951
24824951
24834951
24844951
24854951
24864951
24874951
24884951
24894951
24904951
24914951
24924951
24934951
24944951
24954951
24964951
24974951
24984951
24804950
24814950
24824950
24834950
24844950
24854950
24864950
24874950
24884950
24894950
24904950
24914950
24924950
24934950
24944950
24954950
24964950
24974950
24984950
